#
#  The file was generated by the OpenMX Viewer

#  Bravais lattice type: FCC
#  Reciprocal vector b1 (1/Ang):     -0.43573      0.43573      0.43573 
#  Reciprocal vector b2 (1/Ang):      0.43573     -0.43573      0.43573 
#  Reciprocal vector b3 (1/Ang):      0.43573      0.43573     -0.43573 

System.CurrrentDirectory         ./
System.Name                    Rb3C60-CWF3
level.of.stdout                   1
level.of.fileout                  1

Species.Number                     2
<Definition.of.Atomic.Species
  C     C6.0-s2p2d1       C_PBE19
  Rb    Rb11.0-s3p2d2     Rb_PBE19
Definition.of.Atomic.Species>

Atoms.Number                       63
Atoms.SpeciesAndCoordinates.Unit   Ang
<Atoms.SpeciesAndCoordinates
   1    C    7.21035564981067    7.91872757872562    3.70870558218069     2.0     2.0
   2    C    7.21030297847169    6.50192099903994   10.71161089792635     2.0     2.0
   3    C    7.21036987183067    6.50207030703460    3.70925366069846     2.0     2.0
   4    C    7.21009745005087    7.91856174000134   10.71117202744636     2.0     2.0
   5    C    3.70870595637551    7.21035676195409    7.91872894957958     2.0     2.0
   6    C   10.71161063017549    7.21030159187155    6.50191960661046     2.0     2.0
   7    C    3.70925336300829    7.21037078036235    6.50207169108598     2.0     2.0
   8    C   10.71117238573736    7.21009629953338    7.91856030868094     2.0     2.0
   9    C    7.91872826091944    3.70870553551328    7.21035703456247     2.0     2.0
  10    C    6.50192041955365   10.71161089433040    7.21030141005223     2.0     2.0
  11    C    6.50207096202805    3.70925349743811    7.21037156688260     2.0     2.0
  12    C    7.91856117479349   10.71117208985018    7.21009557615752     2.0     2.0
  13    C    8.38140183894257    8.64031524971107    4.16805518432059     2.0     2.0
  14    C    6.03933043754719    5.78045203569747   10.25217640556772     2.0     2.0
  15    C    6.03953152256091    5.78076709965880    4.16876814657645     2.0     2.0
  16    C    8.38089234293249    8.63976763864679   10.25162765049700     2.0     2.0
  17    C    6.03876399868352    8.64035202991967   10.25265243046439     2.0     2.0
  18    C    8.38161440100948    5.78044463967955    4.16811154272283     2.0     2.0
  19    C    8.38163416904219    5.78010031219225   10.25256814710645     2.0     2.0
  20    C    6.03908279631290    8.64035700450791    4.16817214439753     2.0     2.0
  21    C    4.16805615905150    8.38140295719781    8.64031627271248     2.0     2.0
  22    C   10.25217551368389    6.03932906311440    5.78045095822585     2.0     2.0
  23    C    4.16876726142866    6.03953215812455    5.78076847341404     2.0     2.0
  24    C   10.25162861702626    8.38089148508408    8.63976621827967     2.0     2.0
  25    C   10.25265307752497    6.03876310406813    8.64035109879638     2.0     2.0
  26    C    4.16811098130337    8.38161513726940    5.78044557882743     2.0     2.0
  27    C   10.25256765692342    8.38163275989744    5.78009907590883     2.0     2.0
  28    C    4.16817269542674    6.03908397784443    8.64035833733314     2.0     2.0
  29    C    8.64031624779978    4.16805573350606    8.38140281273896     2.0     2.0
  30    C    5.78045108973973   10.25217582931389    6.03932922343120     2.0     2.0
  31    C    5.78076733904489    4.16876745557651    6.03953325334089     2.0     2.0
  32    C    8.63976748969955   10.25162826730774    8.38089047830056     2.0     2.0
  33    C    8.64035123842327   10.25265215417020    6.03876220931256     2.0     2.0
  34    C    5.78044559720806    4.16811172285986    8.38161609298636     2.0     2.0
  35    C    5.78010033887694   10.25256829781267    8.38163293744868     2.0     2.0
  36    C    8.64035717157717    4.16817188994011    6.03908384683049     2.0     2.0
  37    C    7.93385219037637    9.81156720298092    4.89626500848166     2.0     2.0
  38    C    6.48693308394635    4.60913147414345    9.52414656458474     2.0     2.0
  39    C    6.48701575432886    4.60952345233256    4.89698365027605     2.0     2.0
  40    C    7.93341873525102    9.81104669566862    9.52349966660433     2.0     2.0
  41    C    6.48647947813405    9.81142599201154    9.52392273279169     2.0     2.0
  42    C    7.93392863471022    4.60938816589852    4.89684385611543     2.0     2.0
  43    C    7.93394922785089    4.60881408388773    9.52418434120262     2.0     2.0
  44    C    6.48683780027881    9.81163384689182    4.89650256742648     2.0     2.0
  45    C    4.89626645298789    7.93385327057082    9.81156792478454     2.0     2.0
  46    C    9.52414527893347    6.48693182470238    4.60913071713158     2.0     2.0
  47    C    4.89698219951368    6.48701597301162    4.60952438709329     2.0     2.0
  48    C    9.52350118067515    7.93341835191881    9.81104575594335     2.0     2.0
  49    C    9.52392397461985    6.48647910052603    9.81142533278616     2.0     2.0
  50    C    4.89684272570219    7.93392886158671    4.60938886880992     2.0     2.0
  51    C    9.52418329664923    7.93394791942632    4.60881323034226     2.0     2.0
  52    C    4.89650376276870    6.48683894949537    9.81163472928060     2.0     2.0
  53    C    9.81156800401324    4.89626551156633    7.93385259999697     2.0     2.0
  54    C    4.60913081905582    9.52414597784343    6.48693252161388     2.0     2.0
  55    C    4.60952370977493    4.89698297413312    6.48701744656443     2.0     2.0
  56    C    9.81104654547150    9.52350025213163    7.93341695576656     2.0     2.0
  57    C    9.81142546589369    9.52392279298866    6.48647779800803     2.0     2.0
  58    C    4.60938892540115    4.89684376145251    7.93393022406731     2.0     2.0
  59    C    4.60881402078905    9.52418422371369    7.93394863201726     2.0     2.0
  60    C    9.81163411271425    4.89650256704018    6.48683822710713     2.0     2.0
  61   Rb    3.60493566825693    3.60493563694573    3.60493575718462     4.5     4.5
  62   Rb   10.81537582505614   10.81537574008359   10.81537571769470     4.5     4.5
  63   Rb   -0.00000800424492   -0.00000667221130   -0.00000767260789     4.5     4.5
Atoms.SpeciesAndCoordinates>

Atoms.UnitVectors.Unit  Ang
<Atoms.UnitVectors
  0.000000000000000   7.209999999999999   7.209999999999999 
  7.209999999999999   0.000000000000000   7.209999999999999 
  7.209999999999999   7.209999999999999   0.000000000000000 
Atoms.UnitVectors>

scf.restart on

scf.XcType                    GGA-PBE
scf.SpinPolarization          off
scf.ElectronicTemperature     300.0
scf.energycutoff              400.0
scf.maxIter                   100
scf.EigenvalueSolver          band
scf.Kgrid                     7  7  7
scf.Mixing.Type               rmm-diisk
scf.Init.Mixing.Weight        0.05
scf.Min.Mixing.Weight         0.01
scf.Max.Mixing.Weight         0.30
scf.Mixing.History            25
scf.Mixing.StartPulay         15
scf.criterion                 1.0e-8
scf.restart                   on


Dos.fileout                   off
Dos.Erange                    -25.0  20.0
Dos.Kgrid                     3  3  3

Band.dispersion               on
Band.Nkpath                   9
<Band.kpath
  12  0.000000 0.000000 0.000000   0.500000 0.000000 0.500000   G X
   6  0.500000 0.000000 0.500000   0.500000 0.250000 0.750000   X W
   4  0.500000 0.250000 0.750000   0.375000 0.375000 0.750000   W K
  12  0.375000 0.375000 0.750000   0.000000 0.000000 0.000000   K G
  10  0.000000 0.000000 0.000000   0.500000 0.500000 0.500000   G L
   7  0.500000 0.500000 0.500000   0.625000 0.250000 0.625000   L U
   4  0.625000 0.250000 0.625000   0.500000 0.250000 0.750000   U W
   8  0.500000 0.250000 0.750000   0.500000 0.500000 0.500000   W L
   7  0.500000 0.500000 0.500000   0.375000 0.375000 0.750000   L K
Band.kpath>


#
# MD or Geometry Optimization
#

MD.Type                    nomd        # Nomd|Opt|DIIS|NVE|NVT_VS|NVT_NH
MD.Opt.DIIS.History          2         # default=4
MD.Opt.StartDIIS             6         # default=5
MD.Opt.EveryDIIS           10000       # default=10
MD.maxIter                 200         # default=1xsx
MD.TimeStep                1.0         # default=0.5 (fs)
MD.Opt.criterion          1.0e-4       # default=1.0e-4 (Hartree/bohr)

CWF.Calc                 on
CWF.Wannier90.fileout    off
CWF.Dis.vs.H             on
CWF.Guiding.Orbitals     MO

CWF.window.function               Poly
CWF.disentangling.Erange     -0.6 -0.5 0.5 0.6


CWF.fileout.flag         on
CWF.Plot.SuperCells    1 1 1
CWF.fileout.Num           1
<CWF.fileout.cube
 1
CWF.fileout.cube>


<CWF.MO.Selection
 1  3
 2  0
 3  0
 4  0
CWF.MO.Selection>


<CWF.MO.Grouped.Atoms
 1 1
 2 1
 3 1
 4 1
 5 1
 6 1
 7 1
 8 1
 9 1
10 1
11 1
12 1
13 1
14 1
15 1
16 1
17 1
18 1
19 1
20 1
21 1
22 1
23 1
24 1
25 1
26 1
27 1
28 1
29 1
30 1
31 1
32 1
33 1
34 1
35 1
36 1
37 1
38 1
39 1
40 1
41 1
42 1
43 1
44 1
45 1
46 1
47 1
48 1
49 1
50 1
51 1
52 1
53 1
54 1
55 1
56 1
57 1
58 1
59 1
60 1
61 2
62 3
63 4
CWF.MO.Grouped.Atoms>
