System.CurrrentDirectory         ./
System.Name                   TTF-TCNQ-3
level.of.stdout                   1
level.of.fileout                  1

Species.Number                     4
<Definition.of.Atomic.Species
  H     H7.0-s2p2d1       H_PBE19
  C     C6.0-s3p2d2       C_PBE19
  N     N6.0-s3p2d2       N_PBE19
  S     S7.0-s3p2d2f1     S_PBE19
Definition.of.Atomic.Species>

Atoms.Number                       68
Atoms.SpeciesAndCoordinates.Unit   Ang
<Atoms.SpeciesAndCoordinates
 1   H        6.3029829      6.0378390     21.3880374    0.5  0.5
 2   C        6.9347848      6.3338115     20.7406738    2.0  2.0
 3   C        8.2568204      6.3338115     20.7835929    2.0  2.0
 4   C        7.6671037      7.3454646     18.5017254    2.0  2.0
 5   H        8.7564365      6.0645720     21.6026331    0.5  0.5
 6   S        9.1059806      6.9463791     19.4030273    3.0  3.0
 7   S        6.1718303      6.9372135     19.2975177    3.0  3.0
 8   C        7.7058275      7.9305354     17.2642235    2.0  2.0
 9   C        7.1161109      8.9421885     14.9823560    2.0  2.0
10   S        6.2669507      8.3296209     16.3629216    3.0  3.0
11   C        8.4381464      8.9421885     15.0252751    2.0  2.0
12   S        9.2011010      8.3387865     16.4684312    3.0  3.0
13   H        9.0699484      9.2381610     14.3779114    0.5  0.5
14   H        6.6164948      9.2114280     14.1633158    0.5  0.5
15   C        4.8103437      4.4243115     23.9238432    2.0  2.0
16   H        4.3107276      4.1550720     23.1048030    0.5  0.5
17   C        6.1323792      4.4243115     23.9667623    2.0  2.0
18   H        6.7641812      4.1283390     23.3193987    0.5  0.5
19   S        6.8953338      5.0277135     25.4099184    3.0  3.0
20   C        5.3613366      6.0210354     27.4432126    2.0  2.0
21   S        3.9611835      5.0368791     25.3044088    3.0  3.0
22   C        5.4000603      5.4359646     26.2057107    2.0  2.0
23   C        4.6290177      7.0326885     29.6821610    2.0  2.0
24   S        3.8660631      6.4292865     28.2390049    3.0  3.0
25   C        5.9510532      7.0326885     29.7250801    2.0  2.0
26   S        6.8002134      6.4201209     28.3445145    3.0  3.0
27   H        6.4506693      7.3019280     30.5441203    0.5  0.5
28   H        3.9972157      7.3286610     30.3295246    0.5  0.5
29   C       -0.7368164      7.2855063     24.4656973    2.0  2.0
30   C        0.4963583      7.6754262     23.8612528    2.0  2.0
31   C       -1.9403367      7.7323293     23.8630411    2.0  2.0
32   N       -2.9435513      8.0978076     23.4231199    2.5  2.5
33   C       -0.7575552      6.5106312     25.6334556    2.0  2.0
34   C        0.4636438      6.0790842     26.2629363    2.0  2.0
35   C       -1.9821211      6.1214751     26.2522065    2.0  2.0
36   H       -2.7436818      6.3739110     25.6620683    0.5  0.5
37   C       -0.7790479      4.9463688     28.0154678    2.0  2.0
38   C       -2.0002469      5.3779158     27.3859871    2.0  2.0
39   C        0.4455179      5.3355249     27.3967168    2.0  2.0
40   H        1.2700794      6.3013500     25.7872491    0.5  0.5
41   N        1.5126291      7.9885842     23.4302731    2.5  2.5
42   H       -2.8066825      5.1556500     27.8616742    0.5  0.5
43   H        1.2070787      5.0830890     27.9868550    0.5  0.5
44   C       -0.7997867      4.1714937     29.1832260    2.0  2.0
45   C        0.4037336      3.7246707     29.7858822    2.0  2.0
46   C       -2.0329614      3.7815738     29.7876705    2.0  2.0
47   N        1.4069482      3.3591924     30.2258034    2.5  2.5
48   N       -3.0492322      3.4684158     30.2186502    2.5  2.5
49   C        0.3654305      5.6341707     14.9215539    2.0  2.0
50   C        2.8021255      5.6910738     14.9197656    2.0  2.0
51   C        1.5689508      6.0809937     15.5242101    2.0  2.0
52   N        3.8183963      5.3779158     14.4887859    2.5  2.5
53   N       -0.6377841      5.2686924     14.4816327    2.5  2.5
54   C        1.5482120      6.8558688     16.6919683    2.0  2.0
55   C        2.7694110      7.2874158     17.3214490    2.0  2.0
56   C        0.3236461      7.2450249     17.3107193    2.0  2.0
57   H        3.5758466      7.0651500     16.8457619    0.5  0.5
58   H       -0.4379146      6.9925890     16.7205811    0.5  0.5
59   C        1.5267192      8.4201312     19.0739805    2.0  2.0
60   C        0.3055203      7.9885842     18.4444998    2.0  2.0
61   H       -0.5009154      8.2108500     18.9201870    0.5  0.5
62   C        2.7512851      8.0309751     18.4552296    2.0  2.0
63   C        1.5059804      9.1950063     20.2417388    2.0  2.0
64   C        0.2728058      9.5849262     20.8461833    2.0  2.0
65   H        3.5128459      8.2834110     19.0453678    0.5  0.5
66   N       -0.7434650      9.8980842     21.2771630    2.5  2.5
67   N        3.7127154     10.0073076     21.2843162    2.5  2.5
68   C        2.7095007      9.6418293     20.8443950    2.0  2.0
Atoms.SpeciesAndCoordinates>

Atoms.UnitVectors.Unit             Ang
<Atoms.UnitVectors
    12.2980000     0.0000000     0.0000000
     0.0000000     3.8190000     0.0000000
    -4.6115344     0.0000000    17.8829744
Atoms.UnitVectors>

scf.XcType                    GGA-PBE
scf.SpinPolarization          off
scf.ElectronicTemperature     300.0
scf.energycutoff              250.0
scf.maxIter                   200
scf.EigenvalueSolver          band
scf.Kgrid                     5 19 3
scf.Mixing.Type               rmm-diisk
scf.Init.Mixing.Weight        0.05
scf.Min.Mixing.Weight         0.01
scf.Max.Mixing.Weight         0.30
scf.Mixing.History            25
scf.Mixing.StartPulay         15
scf.criterion                 1.0e-8

MD.Type                       nomd
MD.maxIter                    1
MD.TimeStep                   1.0
MD.Opt.criterion              0.0003

Dos.fileout                   off
Dos.Erange                    -25.0  20.0
Dos.Kgrid                     2  6  2

Band.dispersion               on
Band.Nkpath                   5
<Band.kpath
   5  0.000000 0.000000 0.000000   0.000000 0.000000 -0.500000    G Y
   8  0.000000 0.000000 -0.500000   0.500000 0.000000 -0.500000   Y C
  22  0.500000 0.000000 -0.500000   0.500000 0.500000 -0.500000   C E
   6  0.500000 0.500000 -0.500000   0.500000 0.500000 0.000000    E A 
  22  0.500000 0.500000 0.000000   0.500000 0.000000 0.000000     A X
Band.kpath>


CWF.Calc                 on
CWF.Wannier90.fileout    off
CWF.Dis.vs.H             on
CWF.Guiding.Orbitals     MO

CWF.window.function               Poly
CWF.disentangling.Erange     -1.0 -0.9 0.9 1.0

CWF.fileout.flag         on
CWF.Plot.SuperCells    1 1 1
CWF.fileout.Num           2
<CWF.fileout.cube
 1
 3
CWF.fileout.cube>

<CWF.MO.Selection
 1  1
 2  1
 3  1
 4  1
CWF.MO.Selection>

<CWF.MO.Grouped.Atoms
 1 1
 2 1
 3 1
 4 1
 5 1
 6 1
 7 1
 8 1
 9 1
10 1
11 1
12 1
13 1
14 1
15 2
16 2
17 2
18 2
19 2
20 2
21 2
22 2
23 2
24 2
25 2
26 2
27 2
28 2
29 3
30 3
31 3
32 3
33 3
34 3
35 3
36 3
37 3
38 3
39 3
40 3
41 3
42 3
43 3
44 3
45 3
46 3
47 3
48 3
49 4
50 4
51 4
52 4
53 4
54 4
55 4
56 4
57 4
58 4
59 4
60 4
61 4
62 4
63 4
64 4
65 4
66 4
67 4
68 4
CWF.MO.Grouped.Atoms>
